0 1 7492410.0
0 0 71293065811.0
0 5 2300000.0
0 21 10000000.0
0 70 341121598.0
0 71 8068470.0
0 72 1220000.0
0 73 1000000.0
0 150 526973.0
0 151 6300000.0
0 152 12660000.0
0 221 2535635.0
0 222 8210040.0
0 223 73580544.0
0 224 1385600.0
0 225 1570000.0
0 226 15500000.0
0 139 27100000.0
0 9974 330000.0
0 10006 150000.0
0 10007 49900000.0
0 123 3156000.0
0 10019 3454000.0
0 10020 1000000.0
0 10073 1710000.0
0 10074 7373025.0
0 10075 342453.0
0 10076 100000000.0
0 10077 40180902.0
0 10078 121000000.0
0 103 19000000.0
0 18329 2460000.0
0 18330 33020000.0
0 10518 50000000.0
0 24770 63200000.0
0 24771 1300000.0
0 24791 270000000.0
0 119 2100000.0
0 24792 5400000.0
0 131 1000000.0
0 13158 14130200.0
0 95 10000000.0
0 18684 1440000.0
0 7509 8933984.0
0 24894 104400000.0
0 24895 400600.0
0 6349 2543890.0
0 24863 4960000.0
0 32951 13809000.0
0 24858 127000000.0
0 24815 8000000.0
0 32952 740000000.0
0 33002 18370000.0
0 33003 248000.0
0 30922 37918187.0
0 33007 16754503.0
0 33042 252000000.0
0 33043 2000000.0
0 33044 1350000.0
0 33103 30493690.0
0 24816 1300000.0
0 24869 330000.0
0 33104 82373714.0
0 25422 13000000.0
0 41552 1960000.0
0 41557 439500.0
0 41558 1456804.0
0 51264 4900000.0
0 51304 12710000.0
0 51305 1975960.0
0 24846 520000.0
0 41650 514400000.0
0 41838 12000000.0
0 51319 28435000.0
0 51320 100000000.0
0 51321 6274547.0
0 51322 5000000.0
0 58781 15000000.0
0 53758 3500000.0
0 58782 8473626.0
0 18670 489075845.0
0 58814 1995326.0
0 58815 254320869.0
0 58816 3180000.0
0 58817 600000.0
0 58818 4851841.0
0 73273 2655966.0
0 748 300000000.0
0 73293 3293591.0
0 73333 61960000.0
0 73334 20000000.0
0 73362 5000000.0
0 73363 220000.0
0 73410 25450000.0
0 40265 25000000.0
0 73411 1793495.0
0 42327 76500000.0
0 80391 730000.0
0 80392 100000000.0
0 80393 25379317.0
