0 1 7492410.0
0 0 71293065811.0
0 5 2300000.0
0 21 10000000.0
0 70 341121598.0
0 71 8068470.0
0 72 1220000.0
0 73 1000000.0
0 150 526973.0
0 151 6300000.0
0 152 12660000.0
0 221 2535635.0
0 222 8210040.0
0 223 73580544.0
0 224 1385600.0
0 225 1570000.0
0 226 15500000.0
0 139 27100000.0
0 9974 330000.0
0 10006 150000.0
0 10007 49900000.0
0 123 3156000.0
0 10019 3454000.0
0 10020 1000000.0
0 10073 1710000.0
0 10074 7373025.0
0 10075 342453.0
0 10076 100000000.0
0 10077 40180902.0
0 10078 121000000.0
0 103 19000000.0
0 18329 2460000.0
0 18330 33020000.0
0 10518 50000000.0
0 24770 63200000.0
0 24771 1300000.0
0 24791 270000000.0
0 119 2100000.0
0 24792 5400000.0
0 131 1000000.0
0 13158 14130200.0
0 95 10000000.0
0 18684 1440000.0
0 7509 8933984.0
0 24894 104400000.0
0 24895 400600.0
0 6349 2543890.0
0 24863 4960000.0
0 32951 13809000.0
0 24858 127000000.0
0 24815 8000000.0
0 32952 740000000.0
0 33002 18370000.0
0 33003 248000.0
0 30922 37918187.0
0 33007 16754503.0
0 33042 252000000.0
0 33043 2000000.0
0 33044 1350000.0
0 33103 30493690.0
0 24816 1300000.0
0 24869 330000.0
0 33104 82373714.0
0 25422 13000000.0
0 41552 1960000.0
0 41557 439500.0
0 41558 1456804.0
0 51264 4900000.0
0 51304 12710000.0
0 51305 1975960.0
0 24846 520000.0
0 41650 514400000.0
0 41838 12000000.0
0 51319 28435000.0
0 51320 100000000.0
0 51321 6274547.0
0 51322 5000000.0
0 58781 15000000.0
0 53758 3500000.0
0 58782 8473626.0
0 18670 489075845.0
0 58814 1995326.0
0 58815 254320869.0
0 58816 3180000.0
0 58817 600000.0
0 58818 4851841.0
0 73273 2655966.0
0 748 300000000.0
0 73293 3293591.0
0 73333 61960000.0
0 73334 20000000.0
0 73362 5000000.0
0 73363 220000.0
0 73410 25450000.0
0 40265 25000000.0
0 73411 1793495.0
0 42327 76500000.0
0 80391 730000.0
0 80392 100000000.0
0 80393 25379317.0
0 80394 57000000.0
0 53528 1705258.0
0 80428 48290000.0
0 16813 300000.0
0 80429 37000000.0
0 88003 1440000.0
0 37633 150707637.0
0 38448 2020000.0
0 88023 7000000.0
0 88120 2063942.0
0 41948 300000.0
0 64939 10000000.0
0 59148 12698368.0
0 78767 100000000.0
0 88130 3504675.0
0 88131 1960000.0
0 64959 2446000.0
0 88065 7150000.0
0 95336 859000.0
0 95337 12740000.0
0 103329 3630238.0
0 103330 2040000.0
0 61701 6974000.0
0 97023 13900000.0
0 103333 10000000.0
0 103334 2360000.0
0 103344 631800.0
0 103345 1000000.0
0 103346 1950000.0
0 60200 2623206.0
0 103361 3160000.0
0 103362 6279308.0
0 103363 42692190.0
0 81760 1392436.0
0 82074 13939000.0
0 110337 61000000.0
0 53525 3829874.0
0 95307 1200000000.0
0 110366 100000.0
0 106704 1667000.0
0 61679 6974500.0
0 95304 140300000.0
0 57552 110000000.0
0 110385 38100000.0
0 110386 9240000.0
0 110387 149000.0
0 110394 1299957.0
0 110395 22900000.0
0 110396 940000.0
0 110397 14300000.0
0 88082 5000000.0
0 110403 62667997.0
0 110404 5250000.0
0 61763 6974500.0
0 116976 10000000.0
0 116977 1000000.0
0 116978 1360000.0
0 47780 7450000.0
0 90028 12615706.0
0 123226 3400000.0
0 123228 2700000.0
0 123247 16725722.0
0 123259 3600000.0
0 123260 38000000.0
0 53755 321302.0
0 90027 70358188.0
0 123274 1183184.0
0 115349 11920000.0
0 53747 1265522.0
0 129802 52648131.0
0 129803 8000000.0
0 53750 11413633.0
0 129821 10500000.0
0 124019 12600000.0
0 30904 19034000.0
0 96130 100000000.0
0 112507 8980000.0
0 136374 4328349.0
0 128691 14192410.0
0 116481 4000000.0
0 136378 11900000.0
0 136389 1208642.0
0 88455 400000000.0
0 136403 676600.0
0 136449 3954000.0
0 116950 5000000.0
0 136454 1382745.0
0 136455 7690361.0
0 136515 282586.0
0 94560 6200000.0
0 136555 5500000.0
0 41121 3000000.0
0 116962 2500000.0
0 116949 1500000.0
0 136558 44400000.0
0 136559 13961000.0
0 136562 285368680.0
0 57548 6100000.0
0 136563 1200000.0
0 53748 1264715.0
0 57544 12345133.0
0 136565 700000.0
0 130281 20000000.0
0 95596 14140000.0
0 113107 52000000.0
0 136597 87600000.0
0 136598 12000000.0
0 133186 9470000.0
0 136602 3090000.0
0 116974 5000000.0
0 136603 2440000.0
0 136604 48888000.0
0 136605 1000000.0
0 142527 37000000.0
0 141574 8700000.0
0 142546 5842884.0
0 142554 400900.0
0 61729 6967000.0
0 61814 6984000.0
0 142570 1035405.0
0 61725 6981500.0
0 137707 13250000.0
0 142571 346000.0
0 142588 2544000.0
0 142589 678000.0
0 64022 23000000.0
0 142615 12000000.0
0 142616 597751.0
0 99352 1274000.0
0 142617 1198758.0
0 142618 57875851.0
0 122896 1900000.0
0 151271 23800000.0
0 126144 100000000.0
0 151277 7687699.0
0 130151 10000000.0
0 143641 2450000.0
0 151288 800000000.0
0 121942 7549360.0
0 158574 33400000.0
0 64029 100000000.0
0 61864 6977000.0
0 158586 16845288.0
0 136477 7698504.0
0 158602 9560000.0
0 158603 810000.0
0 151492 12300000.0
0 136470 5000000.0
0 158604 17477689.0
0 64536 11000000.0
0 158644 13040000.0
0 158645 15300000.0
0 155261 1228986200.0
0 158646 25000000.0
0 158624 5000000.0
0 137810 40000000.0
0 165284 1189000.0
0 7911 5000000.0
0 144386 5000000.0
0 165296 434960.0
0 165297 25097200.0
0 165298 400000.0
0 170915 16000000.0
0 53757 3666798.0
0 36314 2510000.0
0 172166 15000000.0
0 172169 7693678.0
0 172171 40672626.0
0 172172 7686470.0
0 172173 510000.0
0 53763 12431284.0
0 178089 13740000.0
0 178106 9000000.0
0 178108 889000000.0
0 167202 394600000.0
0 166915 1090000000.0
0 154012 380000000.0
0 168901 2450000.0
0 172190 82377200.0
0 178195 2000000.0
0 172416 190645792.0
0 178196 599178.0
0 64463 2000000.0
0 184497 100000.0
0 17257 510390.0
0 174672 28580000.0
0 175303 13000000.0
0 53532 994015.0
0 169906 42000000.0
0 160393 6300000.0
0 154793 2544309.0
0 188713 1098678.0
0 188714 1530000.0
0 188716 6300000.0
0 134497 154000.0
0 178153 10000000.0
0 188733 46200000.0
0 180044 63000000.0
0 188734 2000000.0
0 188735 7691430.0
0 178146 16694400.0
0 188736 58630000.0
0 188737 9000000.0
0 189308 11000000.0
0 194706 2132744.0
0 194723 9000000.0
0 53529 7848278.0
0 186319 7149700.0
0 179151 2360000.0
0 169910 14300000.0
0 194725 18800000.0
0 178156 78000000.0
0 162289 68450000.0
0 200906 10000000.0
0 200910 1200000.0
0 53526 3659135.0
0 178167 2530602.0
0 200916 10101000.0
0 193446 30000000.0
0 200998 1000000.0
0 14509 1480830.0
0 166553 25429400.0
0 169918 200000000.0
0 201023 13000000.0
0 155282 18520000.0
0 53531 1857885.0
0 178173 1000000.0
0 201029 16400000.0
0 201030 11777642.0
0 201031 7671446.0
0 201032 7675886.0
0 178169 1000000.0
0 187724 6450000.0
0 200965 2500000.0
0 1896 16835546.0
0 152405 455600000.0
0 207498 2160000.0
0 207499 15170000.0
0 144674 16700000.0
0 207500 12000000.0
0 53756 1268357.0
0 58965 4944114.0
0 207566 313880000.0
0 20685 13400000.0
0 207567 12700000.0
0 7620 4490000.0
0 207578 11380000.0
0 207579 487351.0
0 207580 2450000.0
0 207581 100000.0
0 200980 2000000.0
0 17238 35200000.0
0 203161 52207700.0
0 207587 74000000.0
0 46131 5040000.0
0 212017 140000000.0
0 214054 69330000.0
0 214059 2236237.0
0 203539 728922.0
0 214075 1000000.0
0 17235 1241896.0
0 200937 2000000.0
0 214079 460250.0
0 169912 2000000.0
0 214080 2503100.0
0 214081 37000000.0
0 214082 3934030.0
0 214083 15300000.0
0 214084 2074500.0
0 155051 959000.0
0 219028 1300000.0
0 217736 62900000.0
0 214563 8323289.0
0 122294 4235689.0
0 219051 5000000.0
0 200947 450000.0
0 219056 12671905.0
0 219057 700000.0
0 219058 7840000.0
0 106989 2000000.0
0 200979 3140000.0
0 197131 174181300.0
0 189242 19800000.0
0 73797 142630500.0
0 219060 13299589.0
0 219989 88700000.0
0 223463 233000.0
0 224841 634511.0
0 224844 20000000.0
0 224845 1250000.0
0 223909 27808000.0
0 224847 7671286.0
0 200949 12500000.0
0 223954 13894000.0
0 170375 12651800.0
0 186150 249873200.0
0 224864 1199949.0
0 224865 100000000.0
0 223673 36960000.0
0 200936 2500000.0
0 223942 13900000.0
0 224873 52400000.0
0 224874 760000.0
0 224875 668451700.0
0 200992 215000.0
0 224876 508560000.0
0 228067 6840000.0
0 228068 679100.0
0 200991 12550000.0
0 228097 63000000.0
0 228378 12800000.0
0 230986 1985864.0
0 197457 88546920.0
0 230991 3344915.0
0 209778 19000000.0
0 222361 10100000.0
0 221857 29800000.0
0 189740 493368676.0
0 191254 4400000.0
0 60199 180000.0
0 136512 6120000.0
0 232028 23000000.0
0 233955 3060000.0
0 228106 700000.0
0 60198 1226020.0
0 236069 4900000.0
0 223928 6939000.0
0 236079 270400000.0
0 122298 3912139.0
0 236081 100000000.0
0 236085 202656500.0
0 228092 9960000.0
0 236087 2458100.0
0 236100 1583297.0
0 164822 210580000.0
0 228098 12800000.0
0 240977 100000000.0
0 53761 783735.0
0 241006 11140000.0
0 241007 12633803.0
0 241008 54276567.0
0 241161 12500000.0
0 245203 241100000.0
0 245204 41333635.0
0 51283 25267058.0
0 240993 550000.0
0 224972 1500000.0
0 250311 170000.0
0 175001 90250000.0
0 53530 21080928.0
0 149748 65550000.0
0 53523 5871806.0
0 88170 4968703.0
0 250383 150000.0
0 257192 41897045.0
0 257214 253734651.0
0 257215 1877120.0
0 257218 15250000.0
0 257219 1490000.0
0 219037 4000000.0
0 138129 900000000.0
0 257222 19294535.0
0 250351 20000000.0
0 8105 1220000.0
0 257274 4397334.0
0 257275 8202078.0
0 256774 12653650.0
0 144364 12580000.0
0 262730 13439750.0
0 262731 61600000.0
0 262732 1220000.0
0 262743 744885558.0
0 248673 54004202.0
0 250326 2067599.0
0 27167 50000000.0
0 265726 30800000.0
0 261586 62560000.0
0 30400 10000000.0
0 251075 37968145.0
0 265735 6290490.0
0 214029 15088720.0
0 268911 48920000.0
0 248873 100000.0
0 250346 1400000.0
0 277355 3130509.0
0 266215 13000000.0
0 241995 1700000000.0
0 285852 153270000.0
0 259823 44700000.0
0 285881 2025419.0
0 285882 678600.0
0 285899 41873459.0
0 285900 677400.0
0 191731 13500000.0
0 285901 960000.0
0 259825 2980000.0
0 17198 1263442.0
0 250389 24600000.0
0 285977 379460.0
0 285978 66960000.0