0 1 0.9993755203996669
1 2 0.9971308016877637
2 3 0.9969705315340127
3 4 0.9991682838924314
4 5 0.9994220209999036
5 6 0.9993198961295907
6 7 0.984977139124755
7 8 0.6299334468348553
8 9 0.9747372543899733
9 10 0.9977473672354564
10 11 0.9716175722281902
11 12 0.9806112901549018
12 13 1.0
13 14 0.9981920449979912
14 15 0.953556827473426
15 16 0.9316786762743529
16 17 0.9987476518472135
17 18 0.9966879140107486
18 19 0.9987044618334456
19 20 0.9923151363351739
20 21 0.9891738551496555
21 22 0.9975793295795401
22 23 0.9986319389634307
23 24 0.9978502516778524
24 25 0.9955080854461968
25 26 0.9924898902368573
26 27 0.9948177107009728
27 28 0.9898793304787855
28 29 0.9875669141771715
29 30 0.9990016971149046
30 31 0.9942416340721425
31 32 0.9915501165501166
32 33 0.9847715736040609
33 34 0.9968005295675199
34 35 0.9725140953357253
35 36 0.9724627875507442
36 37 1.0
37 38 0.9980558405789275
38 39 0.9970613568424785
39 40 0.9633657698912421
40 41 0.9549659201557936
41 42 0.9932636306224124
42 43 0.9906647171296817
43 44 1.0
44 45 0.9839882018329296
45 46 0.9866213633467827
46 47 0.9986481504239891
47 48 0.9935287773311109
48 49 0.9341005617207837
